1	99
1	96
1	95
1	94
1	94
1	93
1	84
1	83
1	79
1	68
1	65
1	64
1	59
1	59
1	56
1	54
1	53
1	48
1	34
1	33
1	21
1	19
1	16
1	12
1	8
1	1
2	94
2	73
2	64
2	63
2	58
2	53
2	47
2	46
2	45
2	38
2	36
2	30
2	24
2	21
2	19
2	12
2	8
2	6
2	5
2	4
3	95
3	93
3	92
3	92
3	91
3	90
3	78
3	76
3	74
3	73
3	71
3	68
3	68
3	68
3	64
3	63
3	62
3	61
3	61
3	58
3	42
3	36
3	32
3	7
3	1
4	99
4	99
4	99
4	95
4	94
4	89
4	86
4	84
4	80
4	77
4	71
4	66
4	64
4	56
4	50
4	41
4	41
4	40
4	37
4	33
4	32
4	30
4	8
4	5
5	100
5	93
5	90
5	87
5	82
5	82
5	70
5	65
5	60
5	51
5	51
5	51
5	40
5	37
5	30
5	22
5	21
5	16
5	13
5	4
6	94
6	89
6	88
6	86
6	83
6	81
6	80
6	77
6	77
6	71
6	65
6	64
6	56
6	54
6	50
6	49
6	45
6	38
6	23
6	9
7	94
7	85
7	78
7	76
7	74
7	68
7	62
7	53
7	50
7	48
7	45
7	27
7	25
7	25
7	11
7	11
7	10
7	10
7	10
8	92
8	92
8	86
8	77
8	76
8	74
8	66
8	57
8	47
8	37
8	35
8	28
8	28
8	21
8	19
8	7
8	6
8	5
8	5
8	2
9	98
9	92
9	91
9	91
9	85
9	84
9	65
9	64
9	62
9	59
9	55
9	50
9	48
9	48
9	45
9	42
9	35
9	32
9	31
9	30
9	29
9	23
9	16
9	13
9	7
9	5
